# Created by Octave 4.2.1, Sun Feb 25 19:21:07 2018 GMT <unknown@unknown>
# name: P
# type: matrix
# rows: 100
# columns: 4
 34.62 78.02 0 0.09103
 30.29 43.89 0 0
 35.85 72.9 0 0.04391
 60.18 86.31 1 0.9904
 79.03 75.34 1 0.9982
 45.08 56.32 0 0.0108
 61.11 96.51 1 0.999
 75.02 46.55 1 0.4232
 76.1 87.42 1 0.9997
 84.43 43.53 1 0.7354
 95.86 38.23 0 0.9097
 75.01 30.6 0 0.0286
 82.31 76.48 1 0.9993
 69.36 97.72 1 0.9999
 39.54 76.04 0 0.156
 53.97 89.21 1 0.981
 69.07 52.74 1 0.4277
 67.95 46.68 0 0.1488
 70.66 92.93 1 0.9997
 76.98 47.58 1 0.5743
 67.37 42.84 0 0.06684
 89.68 65.8 1 0.9986
 50.53 48.86 0 0
 34.21 44.21 0 0
 77.92 68.97 1 0.9919
 62.27 69.95 1 0.8551
 80.19 44.82 1 0.6003
 93.11 38.8 0 0.8652
 61.83 50.26 0 0.09239
 38.79 65 0 0.01683
 61.38 72.81 1 0.8971
 85.4 57.05 1 0.981
 52.11 63.13 0 0.1549
 52.05 69.43 1 0.3919
 40.24 71.17 0 0.07413
 54.64 52.21 0 0.03311
 33.92 98.87 0 0.8523
 64.18 80.91 1 0.9876
 74.79 41.57 0 0.204
 34.18 75.24 0 0.04958
 83.9 56.31 1 0.9703
 51.55 46.86 0 0
 94.44 65.57 1 0.9995
 82.37 40.62 0 0.5023
 51.05 45.82 0 0
 62.22 52.06 0 0.137
 77.19 70.46 1 0.993
 97.77 86.73 1 1
 62.07 96.77 1 0.9992
 91.56 88.7 1 1
 79.94 74.16 1 0.9981
 99.27 61 1 0.9995
 90.55 43.39 1 0.905
 34.52 60.4 0 0
 50.29 49.8 0 0
 49.59 59.81 0 0.05289
 97.65 68.86 1 0.9999
 32.58 95.6 0 0.6937
 74.25 69.82 1 0.9855
 71.8 78.45 1 0.9957
 75.4 85.76 1 0.9995
 35.29 47.02 0 0
 56.25 39.26 0 0
 30.06 49.59 0 0
 44.67 66.45 0 0.07166
 66.56 41.09 0 0.04088
 40.46 97.54 1 0.9444
 49.07 51.88 0 0.01007
 80.28 92.12 1 1
 66.75 60.99 1 0.7093
 32.72 43.31 0 0
 64.04 78.03 1 0.9774
 72.35 96.23 1 0.9999
 60.46 73.09 1 0.8843
 58.84 75.86 1 0.9052
 99.83 72.37 1 1
 47.26 88.48 1 0.9177
 50.46 75.81 1 0.6267
 60.46 42.51 0 0.01584
 82.23 42.72 0 0.5995
 88.91 69.8 1 0.9993
 94.83 45.69 1 0.9735
 67.32 66.59 1 0.8945
 57.24 59.51 1 0.2032
 80.37 90.96 1 0.9999
 68.47 85.59 1 0.998
 42.08 78.84 0 0.3546
 75.48 90.42 1 0.9998
 78.64 96.65 1 1
 52.35 60.77 0 0.107
 94.09 77.16 1 0.9999
 90.45 87.51 1 1
 55.48 35.57 0 0
 74.49 84.85 1 0.9993
 89.85 45.36 1 0.9246
 83.49 48.38 1 0.8586
 42.26 87.1 1 0.7509
 99.32 68.78 1 0.9999
 55.34 64.93 1 0.3393
 74.78 89.53 1 0.9998


